Iteration	CPUTime	PhysTime	Travels	Value	AvValue	MinValue	MaxValue	Delta	Criteria	Progress	CriteriaType	CriteriaVarType	CriteriaPercentage
1	4	0	0.0223316486	120020.218	120020.218	120020.218	120020.218	0	0	0	0	0	0	3
2	5	0	0.0446632973	108829.188	114424.703	108829.188	120020.218	5595.51508	0	0	0	0	0	3
3	5	0	0.0669949459	105727.581	111525.662	105727.581	120020.218	8494.55573	0	0	0	0	0	3
4	5	0	0.0893265946	105339.299	109979.071	105339.299	120020.218	10041.1466	0	0	0	0	0	3
5	5	0	0.111658243	105502.689	109083.795	105339.299	120020.218	10936.423	0	0	0	0	0	3
6	6	0	0.133989892	105703.933	108520.485	105339.299	120020.218	11499.7333	0	0	0	0	0	3
7	6	0	0.156321541	105916.219	108148.447	105339.299	120020.218	11871.7713	0	0	0	0	0	3
8	6	0	0.178653189	106185.47	107903.075	105339.299	120020.218	12117.1434	0	0	0	0	0	3
9	7	0	0.200984838	106498.635	107747.026	105339.299	120020.218	12273.1922	0	0	0	0	0	3
10	7	0	0.223316486	106567.902	107629.113	105339.299	120020.218	12391.1046	0	0	0	0	0	3
11	7	0	0.245648135	108253.182	107685.847	105339.299	120020.218	12391.1046	0	0	0	0	0	3
12	8	0	0.267979784	108715.897	107771.684	105339.299	120020.218	12391.1046	0	0	0	0	0	3
13	8	0	0.290311432	109022.009	107867.863	105339.299	120020.218	12391.1046	0	0	0	0	0	3
14	8	0	0.312643081	109244.903	107966.223	105339.299	120020.218	12391.1046	0	0	0	0	0	3
15	9	0	0.33497473	109453.27	108065.36	105339.299	120020.218	12391.1046	0	0	0	0	0	3
16	9	0	0.357306378	109557.803	108158.637	105339.299	120020.218	12391.1046	0	0	0	0	0	3
17	10	0	0.379638027	109661.08	108247.016	105339.299	120020.218	12391.1046	0	0	0	0	0	3
18	10	0	0.401969676	109857.269	108336.475	105339.299	120020.218	12391.1046	0	0	0	0	0	3
19	10	0	0.424301324	109902.458	108418.895	105339.299	120020.218	12391.1046	0	0	0	0	0	3
20	10	0	0.446632973	110044.163	108500.158	105339.299	120020.218	12391.1046	0	0	0	0	0	3
21	11	0	0.468964622	110252.987	108583.626	105339.299	120020.218	12391.1046	0	0	0	0	0	3
22	11	0	0.49129627	110325.07	108662.783	105339.299	120020.218	12391.1046	0	0	0	0	0	3
23	12	0	0.513627919	110430.14	108739.625	105339.299	120020.218	12391.1046	0	0	0	0	0	3
24	12	0	0.535959568	110503.545	108325.856	105339.299	110503.545	5164.24636	0	0	0	0	0	3
25	12	0	0.558291216	110593.29	108402.556	105339.299	110593.29	3896.54885	0	0	0	0	0	3
26	13	0	0.580622865	110846.639	108625.124	105339.299	110846.639	2349.95802	0	0	0	0	0	3
27	13	0	0.602954514	110915.1	108867.55	105502.689	110915.1	1454.68161	0	0	0	0	0	3
28	13	0	0.625286162	110934.926	109103.734	105703.933	110934.926	1474.62099	0	0	0	0	0	3
29	14	0	0.647617811	110976.919	109332.995	105916.219	110976.919	1703.88128	0	0	0	0	0	3
30	14	0	0.669949459	110957.125	109552.164	106185.47	110976.919	1923.05111	0	0	0	0	0	3
31	14	0	0.692281108	111179.188	109769.283	106498.635	111179.188	2140.16927	0	0	0	0	0	3
32	15	0	0.714612757	111311.304	109978.529	106567.902	111311.304	2349.41576	0	0	0	0	0	3
33	15	0	0.736944405	111437.382	110190.246	108253.182	111437.382	2504.39881	0	0	0	0	0	3
34	15	0	0.759276054	111541.896	110333.233	108715.897	111541.896	2561.5489	0	0	0	0	0	3
35	16	0	0.781607703	111615.589	110459.307	109022.009	111615.589	2591.44369	0	0	0	0	0	3
36	16	0	0.803939351	111689.565	110575.288	109244.903	111689.565	2444.66251	0	0	0	0	0	3
37	16	0	0.826271	111707.345	110682.35	109453.27	111707.345	2254.07497	0	0	0	0	0	3
38	17	0	0.848602649	111666.067	110778.559	109557.803	111707.345	2149.54136	0	0	0	0	0	3
39	17	0	0.870934297	111630.932	110868.695	109661.08	111707.345	2046.26509	0	0	0	0	0	3
40	17	0	0.893265946	111586.895	110952.426	109857.269	111707.345	1850.07572	0	0	0	0	0	3
41	18	0	0.915597595	111417.532	111020.263	109902.458	111707.345	1804.88664	0	0	0	0	0	3
42	18	0	0.937929243	111262.171	111079.381	110044.163	111707.345	1663.18183	0	0	0	0	0	3
43	18	0	0.960260892	111199.305	111129.605	110252.987	111707.345	1454.35733	0	0	0	0	0	3
44	18	0	0.982592541	111104.609	111166.632	110325.07	111707.345	1382.27473	0	0	0	0	0	3
45	19	0	1.00492419	111028.079	111197.198	110430.14	111707.345	1277.20483	479.590275	0	37.5	0	0	3
46	19	0	1.02725584	111099.867	111226.316	110503.545	111707.345	1203.79956	479.590275	0	39.8	0	0	3
47	20	0	1.04958749	111093.033	111251.946	110593.29	111707.345	1114.05522	479.590275	0	43	0	0	3
48	20	0	1.07191914	111012.499	111270.173	110846.639	111707.345	860.705431	479.590275	0	55.7	0	0	3
49	20	0	1.09425078	110908.562	111272.865	110908.562	111707.345	798.782441	479.590275	0	60	0	0	3
50	21	0	1.11658243	110806.662	111268.15	110806.662	111707.345	900.682555	479.590275	0	53.2	0	0	3
51	21	0	1.13891408	110742.918	111259.802	110742.918	111707.345	964.42723	479.590275	0	49.7	0	0	3
52	22	0	1.16124573	110645.597	111245.397	110645.597	111707.345	1061.74742	479.590275	0	45.1	0	0	3
53	22	0	1.18357738	110608.608	111230.244	110608.608	111707.345	1098.73633	479.590275	0	43.6	0	0	3
54	23	0	1.20590903	110523.307	111201.727	110523.307	111707.345	1184.03781	479.590275	0	40.5	0	0	3
55	23	0	1.22824068	110478.266	111165.508	110478.266	111707.345	1082.61922	479.590275	0	44.2	0	0	3
56	23	0	1.25057232	110406.692	111120.696	110406.692	111707.345	939.631641	479.590275	0	51	0	0	3
57	24	0	1.27290397	110382.204	111070.274	110382.204	111707.345	813.558063	479.590275	0	58.9	0	0	3
58	24	0	1.29523562	110370.021	111016.119	110370.021	111707.345	697.577346	479.590275	0	68.7	0	0	3
59	24	0	1.31756727	110306.791	110955.998	110306.791	111707.345	590.514638	479.590275	0	81.2	0	0	3
60	25	0	1.33989892	110234.174	110891.948	110234.174	111666.067	494.306083	479.590275	0	97	0	0	3
61	25	0	1.36223057	110192.987	110827.901	110192.987	111630.932	444.964315	479.590275	0	100	0	0	3
62	26	0	1.38456222	110136.297	110762.916	110136.297	111586.895	509.948478	479.590275	0	94	0	0	3
63	26	0	1.40689386	110119.411	110699.113	110119.411	111417.532	573.752136	479.590275	0	83.5	0	0	3
64	27	0	1.42922551	110106.528	110642.113	110106.528	111262.171	630.752306	479.590275	0	76	0	0	3
65	27	0	1.45155716	110067.01	110590.149	110067.01	111199.305	682.715855	479.590275	0	70.2	0	0	3
66	28	0	1.47388881	110042.271	110539.843	110042.271	111104.609	733.021661	479.590275	0	65.4	0	0	3
67	28	0	1.49622046	110061.418	110494.487	110042.271	111099.867	778.377801	479.590275	0	61.6	0	0	3
68	28	0	1.51855211	110020.825	110450.693	110020.825	111099.867	822.171477	479.590275	0	58.3	0	0	3
69	29	0	1.54088376	110066.338	110405.757	110020.825	111093.033	867.107502	479.590275	0	55.3	0	0	3
70	29	0	1.56321541	110060.639	110360.871	110020.825	111012.499	911.99417	479.590275	0	52.5	0	0	3
71	30	0	1.58554705	110056.901	110319.323	110020.825	110908.562	887.737672	479.590275	0	54	0	0	3
72	30	0	1.6078787	110007.489	110280.146	110007.489	110806.662	799.173321	479.590275	0	60	0	0	3
73	30	0	1.63021035	109995.375	110244.872	109995.375	110742.918	747.542862	479.590275	0	64.1	0	0	3
74	31	0	1.652542	109962.939	110210.96	109962.939	110645.597	682.658739	479.590275	0	70.2	0	0	3
75	31	0	1.67487365	109982.083	110182.112	109962.939	110608.608	645.669825	479.590275	0	74.2	0	0	3
76	32	0	1.6972053	109991.707	110155.29	109962.939	110523.307	560.368344	479.590275	0	85.5	0	0	3
77	32	0	1.71953695	110008.127	110132.891	109962.939	110478.266	515.32771	479.590275	0	93	0	0	3
78	32	0	1.74186859	110002.202	110112.192	109962.939	110406.692	443.753294	479.590275	0	100	0	0	3
