Iteration	CPUTime	PhysTime	Travels	Value	AvValue	MinValue	MaxValue	Delta	Criteria	Progress	CriteriaType	CriteriaVarType	CriteriaPercentage
1	10	0	0.0155686651	293.199944	293.199944	293.199944	293.199944	0	0	0	0	0	0	3
2	11	0	0.0311373302	293.199946	293.199945	293.199944	293.199946	9.94668824e-07	0	0	0	0	0	3
3	12	0	0.0467059953	293.199946	293.199945	293.199944	293.199946	1.13557451e-06	0	0	0	0	0	3
4	13	0	0.0622746604	293.199947	293.199946	293.199944	293.199947	1.65690591e-06	0	0	0	0	0	3
5	14	0	0.0778433256	293.199948	293.199946	293.199944	293.199948	2.18726001e-06	0	0	0	0	0	3
6	15	0	0.0934119907	293.199953	293.199947	293.199944	293.199953	3.2757905e-06	0	0	0	0	0	3
7	16	0	0.108980656	293.199958	293.199949	293.199944	293.199958	4.77412527e-06	0	0	0	0	0	3
8	17	0	0.124549321	293.199966	293.199951	293.199944	293.199966	6.89364953e-06	0	0	0	0	0	3
9	18	0	0.140117986	293.199977	293.199954	293.199944	293.199977	9.83199851e-06	0	0	0	0	0	3
10	19	0	0.155686651	293.199989	293.199957	293.199944	293.199989	1.33165916e-05	0	0	0	0	0	3
11	20	0	0.171255316	293.200008	293.199962	293.199944	293.200008	1.78907364e-05	0	0	0	0	0	3
12	21	0	0.186823981	293.200027	293.199967	293.199944	293.200027	2.3307282e-05	0	0	0	0	0	3
13	22	0	0.202392646	293.200049	293.199974	293.199944	293.200049	2.95452579e-05	0	0	0	0	0	3
14	23	0	0.217961312	293.200073	293.199981	293.199944	293.200073	3.66403885e-05	0	0	0	0	0	3
15	23	0	0.233529977	293.200102	293.199989	293.199944	293.200102	4.4691426e-05	0	0	0	0	0	3
16	24	0	0.249098642	293.200162	293.2	293.199944	293.200162	5.55315361e-05	0	0	0	0	0	3
17	25	0	0.264667307	293.200239	293.200014	293.199944	293.200239	6.95986499e-05	0	0	0	0	0	3
18	26	0	0.280235972	293.200329	293.200031	293.199944	293.200329	8.71038089e-05	0	0	0	0	0	3
19	27	0	0.295804637	293.200434	293.200052	293.199944	293.200434	0.000108282889	0	0	0	0	0	3
20	28	0	0.311373302	293.20055	293.200077	293.199944	293.20055	0.000133162274	0	0	0	0	0	3
21	29	0	0.326941967	293.200752	293.200109	293.199944	293.200752	0.000165276577	0	0	0	0	0	3
22	30	0	0.342510632	293.200934	293.200147	293.199944	293.200934	0.000202767748	0	0	0	0	0	3
23	31	0	0.358079298	293.201061	293.200187	293.199944	293.201061	0.000242512881	0	0	0	0	0	3
24	33	0	0.373647963	293.201104	293.200225	293.199944	293.201104	0.00028072053	0	0	0	0	0	3
25	33	0	0.389216628	293.201058	293.200258	293.199944	293.201104	0.000314030361	0	0	0	0	0	3
26	35	0	0.404785293	293.200859	293.200281	293.199944	293.201104	0.000337143282	0	0	0	0	0	3
27	36	0	0.420353958	293.200662	293.200295	293.199944	293.201104	0.000351231229	0	0	0	0	0	3
28	37	0	0.435922623	293.200525	293.200304	293.199944	293.201104	0.000359419174	0	0	0	0	0	3
29	37	0	0.451491288	293.200457	293.200309	293.199944	293.201104	0.000364719154	0	0	0	0	0	3
30	38	0	0.467059953	293.200431	293.200313	293.199944	293.201104	0.00036878496	0	0	0	0	0	3
31	39	0	0.482628618	293.200413	293.200316	293.199944	293.201104	0.000371999159	0	0	0	0	0	3
32	40	0	0.498197284	293.200389	293.200318	293.199944	293.201104	0.000374279296	0	0	0	0	0	3
33	41	0	0.513765949	293.200363	293.20032	293.199944	293.201104	0.000375616619	0	0	0	0	0	3
34	42	0	0.529334614	293.200347	293.200332	293.199946	293.201104	0.000386831352	0	0	0	0	0	3
35	43	0	0.544903279	293.200352	293.200344	293.199946	293.201104	0.000398984431	0	0	0	0	0	3
36	44	0	0.560471944	293.200383	293.200357	293.199947	293.201104	0.000411711162	0	0	0	0	0	3
37	45	0	0.576040609	293.200408	293.200371	293.199948	293.201104	0.000425133741	0	0	0	0	0	3
38	46	0	0.591609274	293.200411	293.200385	293.199953	293.201104	0.000438074073	0	0	0	0	0	3
39	47	0	0.607177939	293.200403	293.200399	293.199958	293.201104	0.000450210836	0	0	0	0	0	3
40	48	0	0.622746604	293.200401	293.200413	293.199966	293.201104	0.00046153003	0	0	0	0	0	3
41	49	0	0.63831527	293.200414	293.200426	293.199977	293.201104	0.000472177112	0	0	0	0	0	3
42	50	0	0.653883935	293.200423	293.20044	293.199989	293.201104	0.000482206172	0	0	0	0	0	3
43	51	0	0.6694526	293.20041	293.200452	293.200008	293.201104	0.000490402331	0	0	0	0	0	3
44	51	0	0.685021265	293.200387	293.200464	293.200027	293.201104	0.000496476622	0	0	0	0	0	3
45	53	0	0.70058993	293.200378	293.200475	293.200049	293.201104	0.00050087678	0	0	0	0	0	3
46	53	0	0.716158595	293.200386	293.200485	293.200073	293.201104	0.000504004323	0	0	0	0	0	3
47	54	0	0.73172726	293.200396	293.200495	293.200102	293.201104	0.000505735092	0	0	0	0	0	3
48	55	0	0.747295925	293.20039	293.200503	293.200162	293.201104	0.000503634804	0	0	0	0	0	3
49	56	0	0.76286459	293.200367	293.20051	293.200239	293.201104	0.000495776191	0	0	0	0	0	3
50	57	0	0.778433256	293.20035	293.200513	293.200329	293.201104	0.00048163892	0	0	0	0	0	3
51	58	0	0.794001921	293.200349	293.200513	293.200347	293.201104	0.000461065875	0	0	0	0	0	3
52	59	0	0.809570586	293.200352	293.200511	293.200347	293.201104	0.00043618649	0	0	0	0	0	3
53	60	0	0.825139251	293.200344	293.200505	293.200344	293.201104	0.000404072187	0	0	0	0	0	3
54	60	0	0.840707916	293.200323	293.200492	293.200323	293.201104	0.000366581016	0	0	0	0	0	3
55	61	0	0.856276581	293.200309	293.200473	293.200309	293.201104	0.000326835884	0	0	0	0	0	3
56	62	0	0.871845246	293.200308	293.20045	293.200308	293.201104	0.000288628234	0	0	0	0	0	3
57	63	0	0.887413911	293.20031	293.200426	293.200308	293.201058	0.000255318404	0	0	0	0	0	3
58	64	0	0.902982576	293.200306	293.200403	293.200306	293.200859	0.000232205482	0	0	0	0	0	3
59	65	0	0.918551242	293.200294	293.200386	293.200294	293.200662	0.000218117535	0	0	0	0	0	3
60	66	0	0.934119907	293.200286	293.200375	293.200286	293.200525	0.000209929591	0	0	0	0	0	3
61	67	0	0.949688572	293.200286	293.200367	293.200286	293.200457	0.000171578798	0	0	0	0	0	3
62	68	0	0.965257237	293.200285	293.200362	293.200285	293.200431	0.000145663986	0	0	0	0	0	3
63	70	0	0.980825902	293.20028	293.200358	293.20028	293.200423	0.000142949269	0	0	0	0	0	3
64	71	0	0.996394567	293.200273	293.200353	293.200273	293.200423	0.000150700027	0	0	0	0	0	3
65	72	0	1.01196323	293.200268	293.20035	293.200268	293.200423	0.000154991078	3.47423727e-05	0	22.4	0	0	3
66	73	0	1.0275319	293.20027	293.200347	293.200268	293.200423	0.000154991078	3.47423727e-05	0	22.4	0	0	3
67	74	0	1.04310056	293.200273	293.200345	293.200268	293.200423	0.000154991078	3.47423727e-05	0	22.4	0	0	3
68	75	0	1.05866923	293.200269	293.200342	293.200268	293.200423	0.000154991078	3.47423727e-05	0	22.4	0	0	3
69	76	0	1.07423789	293.200263	293.200339	293.200263	293.200423	0.000160683059	3.47423727e-05	0	21.6	0	0	3
70	77	0	1.08980656	293.200258	293.200334	293.200258	293.200423	0.000165312871	3.47423727e-05	0	21	0	0	3
71	78	0	1.10537522	293.200258	293.200329	293.200258	293.200423	0.000165491373	3.47423727e-05	0	20.9	0	0	3
72	79	0	1.12094389	293.20026	293.200325	293.200258	293.200423	0.000165491373	3.47423727e-05	0	20.9	0	0	3
73	80	0	1.13651255	293.200258	293.200321	293.200258	293.200423	0.000165491373	3.47423727e-05	0	20.9	0	0	3
74	81	0	1.15208122	293.200254	293.200316	293.200254	293.200423	0.000169332369	3.47423727e-05	0	20.5	0	0	3
75	82	0	1.16764988	293.200251	293.200311	293.200251	293.20041	0.000159128192	3.47423727e-05	0	21.8	0	0	3
76	83	0	1.18321855	293.200249	293.200306	293.200249	293.200396	0.000147010505	3.47423727e-05	0	23.6	0	0	3
77	84	0	1.19878721	293.200249	293.200302	293.200249	293.200396	0.000147282092	3.47423727e-05	0	23.5	0	0	3
78	86	0	1.21435588	293.200248	293.200298	293.200248	293.200396	0.00014805758	3.47423727e-05	0	23.4	0	0	3
79	86	0	1.22992454	293.200245	293.200293	293.200245	293.200396	0.000150523349	3.47423727e-05	0	23	0	0	3
80	87	0	1.24549321	293.200243	293.200289	293.200243	293.20039	0.000147148667	3.47423727e-05	0	23.6	0	0	3
81	88	0	1.26106187	293.200243	293.200284	293.200243	293.200367	0.000124530435	3.47423727e-05	0	27.8	0	0	3
82	89	0	1.27663054	293.200242	293.20028	293.200242	293.200352	0.000110542178	3.47423727e-05	0	31.4	0	0	3
83	90	0	1.2921992	293.200242	293.200277	293.200242	293.200352	0.000110542178	3.47423727e-05	0	31.4	0	0	3
84	91	0	1.30776787	293.20024	293.200274	293.20024	293.200352	0.000112204966	3.47423727e-05	0	30.9	0	0	3
85	93	0	1.32333653	293.200238	293.20027	293.200238	293.200344	0.000105828491	3.47423727e-05	0	32.8	0	0	3
86	94	0	1.3389052	293.200237	293.200267	293.200237	293.200323	8.62421794e-05	3.47423727e-05	0	40.2	0	0	3
87	95	0	1.35447386	293.200236	293.200265	293.200236	293.20031	7.42825426e-05	3.47423727e-05	0	46.7	0	0	3
88	96	0	1.37004253	293.200235	293.200262	293.200235	293.20031	7.54492905e-05	3.47423727e-05	0	46	0	0	3
89	97	0	1.38561119	293.200235	293.20026	293.200235	293.20031	7.54492905e-05	3.47423727e-05	0	46	0	0	3
90	98	0	1.40117986	293.200234	293.200258	293.200234	293.200306	7.18412105e-05	3.47423727e-05	0	48.3	0	0	3
91	99	0	1.41674853	293.200233	293.200256	293.200233	293.200294	6.18293043e-05	3.47423727e-05	0	56.1	0	0	3
92	100	0	1.43231719	293.20023	293.200254	293.20023	293.200286	5.59146932e-05	3.47423727e-05	0	62.1	0	0	3
93	101	0	1.44788586	293.20023	293.200252	293.20023	293.200286	5.6203588e-05	3.47423727e-05	0	61.8	0	0	3
94	102	0	1.46345452	293.200231	293.20025	293.20023	293.200285	5.54638694e-05	3.47423727e-05	0	62.6	0	0	3
95	103	0	1.47902319	293.200231	293.200249	293.20023	293.20028	5.07745607e-05	3.47423727e-05	0	68.4	0	0	3
96	104	0	1.49459185	293.200226	293.200247	293.200226	293.200273	4.69311377e-05	3.47423727e-05	0	74	0	0	3
97	105	0	1.51016052	293.200223	293.200245	293.200223	293.200273	5.07008915e-05	3.47423727e-05	0	68.5	0	0	3
98	106	0	1.52572918	293.200221	293.200244	293.200221	293.200273	5.21284149e-05	3.47423727e-05	0	66.6	0	0	3
99	106	0	1.54129785	293.200224	293.200243	293.200221	293.200273	5.21284149e-05	3.47423727e-05	0	66.6	0	0	3
100	107	0	1.55686651	293.200224	293.200241	293.200221	293.200269	4.80997521e-05	3.47423727e-05	0	72.2	0	0	3
101	109	0	1.57243518	293.200221	293.20024	293.200221	293.200263	4.17372762e-05	3.47423727e-05	0	83.2	0	0	3
102	110	0	1.58800384	293.200217	293.200238	293.200217	293.20026	4.25406598e-05	3.47423727e-05	0	81.6	0	0	3
103	111	0	1.60357251	293.200217	293.200237	293.200217	293.20026	4.26569254e-05	3.47423727e-05	0	81.4	0	0	3
104	112	0	1.61914117	293.200219	293.200236	293.200217	293.20026	4.26569254e-05	3.47423727e-05	0	81.4	0	0	3
105	113	0	1.63470984	293.200221	293.200235	293.200217	293.200258	4.14651906e-05	3.47423727e-05	0	83.7	0	0	3
106	114	0	1.6502785	293.200218	293.200233	293.200217	293.200254	3.71296036e-05	3.47423727e-05	0	93.5	0	0	3
107	115	0	1.66584717	293.200213	293.200232	293.200213	293.200251	3.80433988e-05	3.47423727e-05	0	91.3	0	0	3
108	116	0	1.68141583	293.200212	293.200231	293.200212	293.200249	3.72492721e-05	3.47423727e-05	0	93.2	0	0	3
109	116	0	1.6969845	293.200214	293.20023	293.200212	293.200249	3.6977685e-05	3.47423727e-05	0	93.9	0	0	3
110	117	0	1.71255316	293.200215	293.200229	293.200212	293.200248	3.62021969e-05	3.47423727e-05	0	95.9	0	0	3
111	118	0	1.72812183	293.200214	293.200228	293.200212	293.200245	3.37364281e-05	3.47423727e-05	0	100	0	0	3
