Iteration	CPUTime	PhysTime	Travels	Value	AvValue	MinValue	MaxValue	Delta	Criteria	Progress	CriteriaType	CriteriaVarType	CriteriaPercentage
1	3	0	0.022387638	0	0	0	0	0	0	0	0	0	0	3
2	4	0	0.0447752759	-1.38896251e-16	-6.94481256e-17	-1.38896251e-16	0	6.94481256e-17	0	0	0	0	0	3
3	5	0	0.0671629139	1.00193795e-14	3.2934944e-15	-1.38896251e-16	1.00193795e-14	3.36294253e-15	0	0	0	0	0	3
4	6	0	0.0895505519	1.94735894e-14	7.33851816e-15	-1.38896251e-16	1.94735894e-14	7.40796629e-15	0	0	0	0	0	3
5	6	0	0.11193819	1.92740965e-16	5.90936272e-15	-1.38896251e-16	1.94735894e-14	7.40796629e-15	0	0	0	0	0	3
6	7	0	0.134325828	1.46062946e-18	4.92471237e-15	-1.38896251e-16	1.94735894e-14	7.40796629e-15	0	0	0	0	0	3
7	7	0	0.156713466	-3.64587324e-18	4.22066119e-15	-1.38896251e-16	1.94735894e-14	7.40796629e-15	0	0	0	0	0	3
8	7	0	0.179101104	-1.15464973e-17	3.69163523e-15	-1.38896251e-16	1.94735894e-14	7.40796629e-15	0	0	0	0	0	3
9	8	0	0.201488742	6.19887603e-18	3.2821423e-15	-1.38896251e-16	1.94735894e-14	7.40796629e-15	0	0	0	0	0	3
10	8	0	0.22387638	4.66252318e-16	3.00055331e-15	-1.38896251e-16	1.94735894e-14	7.40796629e-15	0	0	0	0	0	3
11	9	0	0.246264018	1.33106651e-15	2.84878178e-15	-1.38896251e-16	1.94735894e-14	7.40796629e-15	0	0	0	0	0	3
12	9	0	0.268651656	9.77665161e-16	2.69285539e-15	-1.38896251e-16	1.94735894e-14	7.40796629e-15	0	0	0	0	0	3
13	9	0	0.291039294	-2.27260586e-15	2.31089684e-15	-2.27260586e-15	1.94735894e-14	7.40796629e-15	0	0	0	0	0	3
14	10	0	0.313426932	-2.6328004e-16	2.12702706e-15	-2.27260586e-15	1.94735894e-14	7.40796629e-15	0	0	0	0	0	3
15	10	0	0.33581457	-3.99628313e-15	1.71880638e-15	-3.99628313e-15	1.94735894e-14	7.40796629e-15	0	0	0	0	0	3
16	10	0	0.358202208	-3.25632349e-16	1.59102896e-15	-3.99628313e-15	1.94735894e-14	7.40796629e-15	0	0	0	0	0	3
17	11	0	0.380589846	5.64225308e-16	1.53062874e-15	-3.99628313e-15	1.94735894e-14	7.40796629e-15	0	0	0	0	0	3
18	11	0	0.402977484	-2.95945684e-15	1.28117955e-15	-3.99628313e-15	1.94735894e-14	7.40796629e-15	0	0	0	0	0	3
19	11	0	0.425365122	-2.91292825e-15	1.06043703e-15	-3.99628313e-15	1.94735894e-14	7.40796629e-15	0	0	0	0	0	3
20	12	0	0.447752759	-1.67765385e-15	9.23532486e-16	-3.99628313e-15	1.94735894e-14	7.40796629e-15	0	0	0	0	0	3
21	12	0	0.470140397	8.22030862e-16	9.18699075e-16	-3.99628313e-15	1.94735894e-14	7.40796629e-15	0	0	0	0	0	3
22	13	0	0.492528035	7.66562516e-16	9.11783777e-16	-3.99628313e-15	1.94735894e-14	7.40796629e-15	0	0	0	0	0	3
23	13	0	0.514915673	1.44650397e-15	9.35032481e-16	-3.99628313e-15	1.94735894e-14	7.40796629e-15	0	0	0	0	0	3
24	13	0	0.537303311	1.04549583e-15	9.80488822e-16	-3.99628313e-15	1.94735894e-14	7.40796629e-15	0	0	0	0	0	3
25	14	0	0.559690949	-6.50285293e-15	7.03795053e-16	-6.50285293e-15	1.94735894e-14	6.63472311e-15	0	0	0	0	0	3
26	14	0	0.582078587	4.00063891e-16	2.85563941e-16	-6.50285293e-15	1.94735894e-14	7.05295422e-15	0	0	0	0	0	3
27	14	0	0.604466225	-1.38910954e-15	-6.21509927e-16	-6.50285293e-15	1.44650397e-15	6.53087265e-15	0	0	0	0	0	3
28	15	0	0.626853863	-5.93485606e-16	-6.55693691e-16	-6.50285293e-15	1.44650397e-15	5.58040606e-15	0	0	0	0	0	3
29	15	0	0.649241501	1.92141246e-15	-5.72217524e-16	-6.50285293e-15	1.92141246e-15	4.87635489e-15	0	0	0	0	0	3
30	15	0	0.671629139	-3.62883635e-16	-5.87836557e-16	-6.50285293e-15	1.92141246e-15	4.34732892e-15	0	0	0	0	0	3
31	16	0	0.694016777	1.52665196e-15	-5.20958364e-16	-6.50285293e-15	1.92141246e-15	3.937836e-15	0	0	0	0	0	3
32	16	0	0.716404415	-1.79227441e-15	-5.99152855e-16	-6.50285293e-15	1.92141246e-15	3.656247e-15	0	0	0	0	0	3
33	16	0	0.738792053	5.55287358e-16	-5.95281766e-16	-6.50285293e-15	1.92141246e-15	3.50447547e-15	0	0	0	0	0	3
34	17	0	0.761179691	-1.14813866e-16	-6.5814613e-16	-6.50285293e-15	1.92141246e-15	3.35100152e-15	0	0	0	0	0	3
35	17	0	0.783567329	6.45751925e-16	-6.7257714e-16	-6.50285293e-15	1.92141246e-15	2.98347398e-15	0	0	0	0	0	3
36	18	0	0.805954967	-3.93761079e-16	-5.90888237e-16	-6.50285293e-15	1.92141246e-15	2.7996042e-15	0	0	0	0	0	3
37	18	0	0.828342605	2.58469215e-16	-5.68203486e-16	-6.50285293e-15	1.92141246e-15	2.39138352e-15	0	0	0	0	0	3
38	19	0	0.850730243	-7.84924667e-16	-4.28579206e-16	-6.50285293e-15	1.92141246e-15	2.2636061e-15	0	0	0	0	0	3
39	19	0	0.873117881	9.08048449e-16	-3.7494091e-16	-6.50285293e-15	1.92141246e-15	2.20320589e-15	0	0	0	0	0	3
40	19	0	0.895505519	-1.91181542e-15	-4.82594855e-16	-6.50285293e-15	1.92141246e-15	1.95375669e-15	0	0	0	0	0	3
41	20	0	0.917893157	5.57128013e-16	-3.29699861e-16	-6.50285293e-15	1.92141246e-15	1.73301417e-15	0	0	0	0	0	3
42	20	0	0.940280795	-3.0732748e-15	-3.3667145e-16	-6.50285293e-15	1.92141246e-15	1.65306596e-15	0	0	0	0	0	3
43	21	0	0.962668433	3.90333991e-17	-2.62032874e-16	-6.50285293e-15	1.92141246e-15	1.65306596e-15	0	0	0	0	0	3
44	21	0	0.985056071	5.0130434e-17	-2.95593762e-16	-6.50285293e-15	1.92141246e-15	1.65306596e-15	0	0	0	0	0	3
45	21	0	1.00744371	3.68515444e-16	-3.12900157e-16	-6.50285293e-15	1.92141246e-15	1.65306596e-15	1e-08	0	0	0	0	3
46	22	0	1.02983135	-1.14553748e-16	-3.80772231e-16	-6.50285293e-15	1.92141246e-15	1.65306596e-15	1e-08	0	0	0	0	3
47	22	0	1.05221898	3.44169434e-16	-4.11264683e-16	-6.50285293e-15	1.92141246e-15	1.37637219e-15	1e-08	0	0	0	0	3
48	23	0	1.07460662	-1.74129024e-16	-1.36102775e-16	-3.0732748e-15	1.92141246e-15	9.58141082e-16	1e-08	0	0	0	0	3
49	23	0	1.09699426	2.26645443e-16	-1.43642707e-16	-3.0732748e-15	1.92141246e-15	5.36474366e-16	1e-08	0	0	0	0	3
50	24	0	1.1193819	9.6732718e-17	-7.90408699e-17	-3.0732748e-15	1.92141246e-15	5.9353627e-16	1e-08	0	0	0	0	3
51	25	0	1.14176954	1.50537246e-16	-4.66920503e-17	-3.0732748e-15	1.92141246e-15	6.2588509e-16	1e-08	0	0	0	0	3
52	25	0	1.16415717	-8.22201339e-17	-1.33806511e-16	-3.0732748e-15	1.52665196e-15	6.2588509e-16	1e-08	0	0	0	0	3
53	25	0	1.18654481	2.98798445e-17	-1.16729838e-16	-3.0732748e-15	1.52665196e-15	6.2588509e-16	1e-08	0	0	0	0	3
54	26	0	1.20893245	-1.54309346e-16	-1.89815112e-16	-3.0732748e-15	9.08048449e-16	6.2588509e-16	1e-08	0	0	0	0	3
