Iteration	CPUTime	PhysTime	Travels	Value	AvValue	MinValue	MaxValue	Delta	Criteria	Progress	CriteriaType	CriteriaVarType	CriteriaPercentage
1	3	0	0.022387638	0	0	0	0	0	0	0	0	0	0	3
2	4	0	0.0447752759	-1.39235744e-19	-6.96178721e-20	-1.39235744e-19	0	6.96178721e-20	0	0	0	0	0	3
3	5	0	0.0671629139	1.0043869e-17	3.30154443e-18	-1.39235744e-19	1.0043869e-17	3.3711623e-18	0	0	0	0	0	3
4	6	0	0.0895505519	1.95211872e-17	7.35645512e-18	-1.39235744e-19	1.95211872e-17	7.42607299e-18	0	0	0	0	0	3
5	6	0	0.11193819	1.93212064e-19	5.92380651e-18	-1.39235744e-19	1.95211872e-17	7.42607299e-18	0	0	0	0	0	3
6	7	0	0.134325828	1.46419621e-21	4.93674945e-18	-1.39235744e-19	1.95211872e-17	7.42607299e-18	0	0	0	0	0	3
7	7	0	0.156713466	-3.65479123e-21	4.23097742e-18	-1.39235744e-19	1.95211872e-17	7.42607299e-18	0	0	0	0	0	3
8	7	0	0.179101104	-1.15747417e-20	3.7006584e-18	-1.39235744e-19	1.95211872e-17	7.42607299e-18	0	0	0	0	0	3
9	8	0	0.201488742	6.21390366e-21	3.29016457e-18	-1.39235744e-19	1.95211872e-17	7.42607299e-18	0	0	0	0	0	3
10	8	0	0.22387638	4.6739136e-19	3.00788725e-18	-1.39235744e-19	1.95211872e-17	7.42607299e-18	0	0	0	0	0	3
11	9	0	0.246264018	1.33431851e-18	2.85574463e-18	-1.39235744e-19	1.95211872e-17	7.42607299e-18	0	0	0	0	0	3
12	9	0	0.268651656	9.80052233e-19	2.69943693e-18	-1.39235744e-19	1.95211872e-17	7.42607299e-18	0	0	0	0	0	3
13	9	0	0.291039294	-2.27816388e-18	2.31654456e-18	-2.27816388e-18	1.95211872e-17	7.42607299e-18	0	0	0	0	0	3
14	10	0	0.313426932	-2.63927044e-19	2.13222516e-18	-2.27816388e-18	1.95211872e-17	7.42607299e-18	0	0	0	0	0	3
15	10	0	0.33581457	-4.00605497e-18	1.72300649e-18	-4.00605497e-18	1.95211872e-17	7.42607299e-18	0	0	0	0	0	3
16	10	0	0.358202208	-3.26432588e-19	1.59491654e-18	-4.00605497e-18	1.95211872e-17	7.42607299e-18	0	0	0	0	0	3
17	11	0	0.380589846	5.65599389e-19	1.53436848e-18	-4.00605497e-18	1.95211872e-17	7.42607299e-18	0	0	0	0	0	3
18	11	0	0.402977484	-2.96669616e-18	1.28430933e-18	-4.00605497e-18	1.95211872e-17	7.42607299e-18	0	0	0	0	0	3
19	11	0	0.425365122	-2.9200546e-18	1.06302702e-18	-4.00605497e-18	1.95211872e-17	7.42607299e-18	0	0	0	0	0	3
20	12	0	0.447752759	-1.68176142e-18	9.25787595e-19	-4.00605497e-18	1.95211872e-17	7.42607299e-18	0	0	0	0	0	3
21	12	0	0.470140397	8.24032012e-19	9.20942092e-19	-4.00605497e-18	1.95211872e-17	7.42607299e-18	0	0	0	0	0	3
22	13	0	0.492528035	7.68426991e-19	9.14009587e-19	-4.00605497e-18	1.95211872e-17	7.42607299e-18	0	0	0	0	0	3
23	13	0	0.514915673	1.45002932e-18	9.37314793e-19	-4.00605497e-18	1.95211872e-17	7.42607299e-18	0	0	0	0	0	3
24	13	0	0.537303311	1.04804036e-18	9.82881765e-19	-4.00605497e-18	1.95211872e-17	7.42607299e-18	0	0	0	0	0	3
25	14	0	0.559690949	-6.51875846e-18	7.05511212e-19	-6.51875846e-18	1.95211872e-17	6.6509439e-18	0	0	0	0	0	3
26	14	0	0.582078587	4.01031183e-19	2.86257393e-19	-6.51875846e-18	1.95211872e-17	7.07019772e-18	0	0	0	0	0	3
27	14	0	0.604466225	-1.39251504e-18	-6.23034008e-19	-6.51875846e-18	1.45002932e-18	6.54684051e-18	0	0	0	0	0	3
28	15	0	0.626853863	-5.94946072e-19	-6.57301753e-19	-6.51875846e-18	1.45002932e-18	5.59405121e-18	0	0	0	0	0	3
29	15	0	0.649241501	1.92609921e-18	-5.7362197e-19	-6.51875846e-18	1.92609921e-18	4.88827917e-18	0	0	0	0	0	3
30	15	0	0.671629139	-3.63780132e-19	-5.89279594e-19	-6.51875846e-18	1.92609921e-18	4.35796015e-18	0	0	0	0	0	3
31	16	0	0.694016777	1.53037412e-18	-5.22238339e-19	-6.51875846e-18	1.92609921e-18	3.94746632e-18	0	0	0	0	0	3
32	16	0	0.716404415	-1.79666443e-18	-6.00624353e-19	-6.51875846e-18	1.92609921e-18	3.665189e-18	0	0	0	0	0	3
33	16	0	0.738792053	5.56635572e-19	-5.9674417e-19	-6.51875846e-18	1.92609921e-18	3.51304639e-18	0	0	0	0	0	3
34	17	0	0.761179691	-1.15103492e-19	-6.59762518e-19	-6.51875846e-18	1.92609921e-18	3.35919945e-18	0	0	0	0	0	3
35	17	0	0.783567329	6.4732145e-19	-6.74229074e-19	-6.51875846e-18	1.92609921e-18	2.99077364e-18	0	0	0	0	0	3
36	18	0	0.805954967	-3.94732375e-19	-5.92340747e-19	-6.51875846e-18	1.92609921e-18	2.80645424e-18	0	0	0	0	0	3
37	18	0	0.828342605	2.59092262e-19	-5.69600778e-19	-6.51875846e-18	1.92609921e-18	2.39723556e-18	0	0	0	0	0	3
38	19	0	0.850730243	-7.86851976e-19	-4.2963543e-19	-6.51875846e-18	1.92609921e-18	2.26914562e-18	0	0	0	0	0	3
39	19	0	0.873117881	9.10259224e-19	-3.75866221e-19	-6.51875846e-18	1.92609921e-18	2.20859755e-18	0	0	0	0	0	3
40	19	0	0.895505519	-1.91649712e-18	-4.8378346e-19	-6.51875846e-18	1.92609921e-18	1.9585384e-18	0	0	0	0	0	3
41	20	0	0.917893157	5.58481074e-19	-3.30514885e-19	-6.51875846e-18	1.92609921e-18	1.73725609e-18	0	0	0	0	0	3
42	20	0	0.940280795	-3.08079531e-18	-3.37503611e-19	-6.51875846e-18	1.92609921e-18	1.65711084e-18	0	0	0	0	0	3
43	21	0	0.962668433	3.91201965e-20	-2.62682671e-19	-6.51875846e-18	1.92609921e-18	1.65711084e-18	0	0	0	0	0	3
44	21	0	0.985056071	5.02443771e-20	-2.96325612e-19	-6.51875846e-18	1.92609921e-18	1.65711084e-18	0	0	0	0	0	3
45	21	0	1.00744371	3.69407581e-19	-3.13674282e-19	-6.51875846e-18	1.92609921e-18	1.65711084e-18	1e-08	0	100	0	0	3
46	22	0	1.02983135	-1.14842321e-19	-3.81712179e-19	-6.51875846e-18	1.92609921e-18	1.65711084e-18	1e-08	0	100	0	0	3
47	22	0	1.05221898	3.45002094e-19	-4.12279061e-19	-6.51875846e-18	1.92609921e-18	1.37974029e-18	1e-08	0	100	0	0	3
48	23	0	1.07460662	-1.74563237e-19	-1.36444486e-19	-3.08079531e-18	1.92609921e-18	9.60486466e-19	1e-08	0	100	0	0	3
49	23	0	1.09699426	2.27190861e-19	-1.44002761e-19	-3.08079531e-18	1.92609921e-18	5.37784588e-19	1e-08	0	100	0	0	3
50	24	0	1.1193819	9.69606071e-20	-7.92429498e-20	-3.08079531e-18	1.92609921e-18	5.94986124e-19	1e-08	0	100	0	0	3
51	25	0	1.14176954	1.50896674e-19	-4.68150042e-20	-3.08079531e-18	1.92609921e-18	6.2741407e-19	1e-08	0	100	0	0	3
52	25	0	1.16415717	-8.24296093e-20	-1.34142344e-19	-3.08079531e-18	1.53037412e-18	6.2741407e-19	1e-08	0	100	0	0	3
53	25	0	1.18654481	2.99443826e-20	-1.17023887e-19	-3.08079531e-18	1.53037412e-18	6.2741407e-19	1e-08	0	100	0	0	3
54	26	0	1.20893245	-1.54695005e-19	-1.90287762e-19	-3.08079531e-18	9.10259224e-19	6.2741407e-19	1e-08	0	100	0	0	3
